100 2000 000 3000 4000 4000 4000 4000 4000 4000 4000 4000 4000 4000 4000 4000 4000 4000 4000 4000 4000 4000 4000 4000 400586 6974 988484594 98894749 9947858598 9948748 995858589
100 2000 000 3000 4000 4000 4000 4000 4000 4000 4000 4000 4000 4000948748 995858589
100 2000 000 3000 4000 4000 0 4000 4000 4000 4000 4000 4000 4000 4000 4000 4000 4000 4000 400586 6974 988484594 98894749 9947858598 9948748 995858589
100 2000 000 3000 4000 4000 4000 4000 4000 4000 4000 4000 4000 4000 4000 4000 4000 4000 4000 4000 4000 4000 4000 4000 400586 6974 988484594 98894749 9947858598 9948748 995858589
100 2000 000 3000 4000 4000 4000 4000 4000 4000 4000 4000 4000 4000 44 98894749 9947858598 9948748 995858589
100 2000 000 3000 4000 4000 4000 4000 4000 4000 4000 4000 4000 4000 4000 4000 4000 4000 4000 4000 4000 4000 4000 4000 400586 6974 988484594 98894749 9947858598 9948748 995858589
100 2000 000 3000 4000 4000 4000 4000 4000 4000 4000 4000 4000 4000948748 995858589
100 2000 000 3000 4000 4000 0 4000 4000 4000 4000 4000 4000 4000 4000 4000 4000 4000 4000 400586 6974 988484594 98894749 9947858598 9948748 995858589
100 2000 000 3000 4000 4000 4000 4000 4000 4000 4000 4000 4000 4000 4000 4000 4000 4000 4000 4000 4000 4000 4000 4000 400586 6974 988484594 98894749 9947858598 9948748 995858589
100 2000 000 3000 4000 4000 4000 4000 4000 4000 4000 4000 4000 4000 44 98894749 9947858598 9948748 995858589
100 2000 000 3000 4000 4000 4000 4000 4000 4000 4000 4000 4000 4000 4000 4000 4000 4000 4000 4000 4000 4000 4000 4000 400586 6974 988484594 98894749 9947858598 9948748 995858589
100 2000 000 3000 4000 4000 4000 4000 4000 4000 4000 4000 4000 4000948748 995858589
100 2000 000 3000 4000 4000 0 4000 4000 4000 4000 4000 4000 4000 4000 4000 4000 4000 4000 400586 6974 988484594 98894749 9947858598 9948748 995858589
100 2000 000 3000 4000 4000 4000 4000 4000 4000 4000 4000 4000 4000 4000 4000 4000 4000 4000 4000 4000 4000 4000 4000 400586 6974 988484594 98894749 9947858598 9948748 995858589
100 2000 000 3000 4000 4000 4000 4000 4000 4000 4000 4000 4000 4000 44 98894749 9947858598 9948748 995858589
100 2000 000 3000 4000 4000 4000 4000 4000 4000 4000 4000 4000 4000 4000 4000 4000 4000 4000 4000 4000 4000 4000 4000 400586 6974 988484594 98894749 9947858598 9948748 995858589
100 2000 000 3000 4000 4000 4000 4000 4000 4000 4000 4000 4000 4000948748 995858589
100 2000 000 3000 4000 4000 0 4000 4000 4000 4000 4000 4000 4000 4000 4000 4000 4000 4000 400586 6974 988484594 98894749 9947858598 9948748 995858589
100 2000 000 3000 4000 4000 4000 4000 4000 4000 4000 4000 4000 4000 4000 4000 4000 4000 4000 4000 4000 4000 4000 4000 400586 6974 988484594 98894749 9947858598 9948748 995858589
100 2000 000 3000 4000 4000 4000 4000 4000 4000 4000 4000 4000 4000 44 98894749 9947858598 9948748 995858589
100 2000 000 3000 4000 4000 4000 4000 4000 4000 4000 4000 4000 4000 4000 4000 4000 4000 4000 4000 4000 4000 4000 4000 400586 6974 988484594 98894749 9947858598 9948748 995858589
100 2000 000 3000 4000 4000 4000 4000 4000 4000 4000 4000 4000 4000948748 995858589
100 2000 000 3000 4000 4000 0 4000 4000 4000 4000 4000 4000 4000 4000 4000 4000 4000 4000 400586 6974 988484594 98894749 9947858598 9948748 995858589
100 2000 000 3000 4000 4000 4000 4000 4000 4000 4000 4000 4000 4000 4000 4000 4000 4000 4000 4000 4000 4000 4000 4000 400586 6974 988484594 98894749 9947858598 9948748 995858589
100 2000 000 3000 4000 4000 4000 4000 4000 4000 4000 4000 4000 4000 44 98894749 9947858598 9948748 995858589
100 2000 000 3000 4000 4000 4000 4000 4000 4000 4000 4000 4000 4000 4000 4000 4000 4000 4000 4000 4000 4000 4000 4000 400586 6974 988484594 98894749 9947858598 9948748 995858589
100 2000 000 3000 4000 4000 4000 4000 4000 4000 4000 4000 4000 4000948748 995858589
100 2000 000 3000 4000 4000 0 4000 4000 4000 4000 4000 4000 4000 4000 4000 4000 4000 4000 400586 6974 988484594 98894749 9947858598 9948748 995858589
100 2000 000 3000 4000 4000 4000 4000 4000 4000 4000 4000 4000 4000 4000 4000 4000 4000 4000 4000 4000 4000 4000 4000 400586 6974 988484594 98894749 9947858598 9948748 995858589
100 2000 000 3000 4000 4000 4000 4000 4000 4000 4000 4000 4000 4000 44 98894749 9947858598 9948748 995858589
100 2000 000 3000 4000 4000 4000 4000 4000 4000 4000 4000 4000 4000 4000 4000 4000 4000 4000 4000 4000 4000 4000 4000 400586 6974 988484594 98894749 9947858598 9948748 995858589
100 2000 000 3000 4000 4000 4000 4000 4000 4000 4000 4000 4000 4000948748 995858589
100 2000 000 3000 4000 4000 0 4000 4000 4000 4000 4000 4000 4000 4000 4000 4000 4000 4000 400586 6974 988484594 98894749 9947858598 9948748 995858589
100 2000 000 3000 4000 4000 4000 4000 4000 4000 4000 4000 4000 4000 4000 4000 4000 4000 4000 4000 4000 4000 4000 4000 400586 6974 988484594 98894749 9947858598 9948748 995858589
100 2000 000 3000 4000 4000 4000 4000 4000 4000 4000 4000 4000 4000 44 98894749 9947858598 9948748 995858589
4949448494949484494949494 4949448494949484494949494 4949448494949484494949494 4949448494949484494949494 4949448494949484494949494 4949448494949484494949494 4949448494949484494949494
100 2000 000 3000 4000 4000 4000 4000 4000 4000 4000 4000 4000 4000 4000 4000 4000 4000 4000 4000 4000 4000 4000 4000 400586 6974 988484594 98894749 9947858598 9948748 995858589
100 2000 000 3000 4000 4000 4000 4000 4000 4000 4000 4000 4000 4000948748 995858589
100 2000 000 3000 4000 4000 0 4000 4000 4000 4000 4000 4000 4000 4000 4000 4000 4000 4000 400586 6974 988484594 98894749 9947858598 9948748 995858589
100 2000 000 3000 4000 4000 4000 4000 4000 4000 4000 4000 4000 4000 4000 4000 4000 4000 4000 4000 4000 4000 4000 4000 400586 6974 988484594 98894749 9947858598 9948748 995858589
100 2000 000 3000 4000 4000 4000 4000 4000 4000 4000 4000 4000 4000 44 98894749 9947858598 9948748 995858589
100 2000 000 3000 4000 4000 4000 4000 4000 4000 4000 4000 4000 4000 4000 4000 4000 4000 4000 4000 4000 4000 4000 4000 400586 6974 988484594 98894749 9947858598 9948748 995858589
100 2000 000 3000 4000 4000 4000 4000 4000 4000 4000 4000 4000 4000948748 995858589
100 2000 000 3000 4000 4000 0 4000 4000 4000 4000 4000 4000 4000 4000 4000 4000 4000 4000 400586 6974 988484594 98894749 9947858598 9948748 995858589
100 2000 000 3000 4000 4000 4000 4000 4000 4000 4000 4000 4000 4000 4000 4000 4000 4000 4000 4000 4000 4000 4000 4000 400586 6974 988484594 98894749 9947858598 9948748 995858589
100 2000 000 3000 4000 4000 4000 4000 4000 4000 4000 4000 4000 4000 44 98894749 9947858598 9948748 995858589
100 2000 000 3000 4000 4000 4000 4000 4000 4000 4000 4000 4000 4000 4000 4000 4000 4000 4000 4000 4000 4000 4000 4000 400586 6974 988484594 98894749 9947858598 9948748 995858589
100 2000 000 3000 4000 4000 4000 4000 4000 4000 4000 4000 4000 4000948748 995858589
100 2000 000 3000 4000 4000 0 4000 4000 4000 4000 4000 4000 4000 4000 4000 4000 4000 4000 400586 6974 988484594 98894749 9947858598 9948748 995858589
100 2000 000 3000 4000 4000 4000 4000 4000 4000 4000 4000 4000 4000 4000 4000 4000 4000 4000 4000 4000 4000 4000 4000 400586 6974 988484594 98894749 9947858598 9948748 995858589
100 2000 000 3000 4000 4000 4000 4000 4000 4000 4000 4000 4000 4000 44 98894749 9947858598 9948748 995858589
100 2000 000 3000 4000 4000 4000 4000 4000 4000 4000 4000 4000 4000 4000 4000 4000 4000 4000 4000 4000 4000 4000 4000 400586 6974 988484594 98894749 9947858598 9948748 995858589
100 2000 000 3000 4000 4000 4000 4000 4000 4000 4000 4000 4000 4000948748 995858589
100 2000 000 3000 4000 4000 0 4000 4000 4000 4000 4000 4000 4000 4000 4000 4000 4000 4000 400586 6974 988484594 98894749 9947858598 9948748 995858589
100 2000 000 3000 4000 4000 4000 4000 4000 4000 4000 4000 4000 4000 4000 4000 4000 4000 4000 4000 4000 4000 4000 4000 400586 6974 988484594 98894749 9947858598 9948748 995858589
100 2000 000 3000 4000 4000 4000 4000 4000 4000 4000 4000 4000 4000 44 98894749 9947858598 9948748 995858589
100 2000 000 3000 4000 4000 4000 4000 4000 4000 4000 4000 4000 4000 4000 4000 4000 4000 4000 4000 4000 4000 4000 4000 400586 6974 988484594 98894749 9947858598 9948748 995858589
100 2000 000 3000 4000 4000 4000 4000 4000 4000 4000 4000 4000 4000948748 995858589
100 2000 000 3000 4000 4000 0 4000 4000 4000 4000 4000 4000 4000 4000 4000 4000 4000 4000 400586 6974 988484594 98894749 9947858598 9948748 995858589
100 2000 000 3000 4000 4000 4000 4000 4000 4000 4000 4000 4000 4000 4000 4000 4000 4000 4000 4000 4000 4000 4000 4000 400586 6974 988484594 98894749 9947858598 9948748 995858589
100 2000 000 3000 4000 4000 4000 4000 4000 4000 4000 4000 4000 4000 44 98894749 9947858598 9948748 995858589
100 2000 000 3000 4000 4000 4000 4000 4000 4000 4000 4000 4000 4000 4000 4000 4000 4000 4000 4000 4000 4000 4000 4000 400586 6974 988484594 98894749 9947858598 9948748 995858589
100 2000 000 3000 4000 4000 4000 4000 4000 4000 4000 4000 4000 4000948748 995858589
100 2000 000 3000 4000 4000 0 4000 4000 4000 4000 4000 4000 4000 4000 4000 4000 4000 4000 400586 6974 988484594 98894749 9947858598 9948748 995858589
100 2000 000 3000 4000 4000 4000 4000 4000 4000 4000 4000 4000 4000 4000 4000 4000 4000 4000 4000 4000 4000 4000 4000 400586 6974 988484594 98894749 9947858598 9948748 995858589
100 2000 000 3000 4000 4000 4000 4000 4000 4000 4000 4000 4000 4000 44 98894749 9947858598 9948748 995858589
100 2000 000 3000 4000 4000 4000 4000 4000 4000 4000 4000 4000 4000 4000 4000 4000 4000 4000 4000 4000 4000 4000 4000 400586 6974 988484594 98894749 9947858598 9948748 995858589
100 2000 000 3000 4000 4000 4000 4000 4000 4000 4000 4000 4000 4000948748 995858589
100 2000 000 3000 4000 4000 0 4000 4000 4000 4000 4000 4000 4000 4000 4000 4000 4000 4000 400586 6974 988484594 98894749 9947858598 9948748 995858589
100 2000 000 3000 4000 4000 4000 4000 4000 4000 4000 4000 4000 4000 4000 4000 4000 4000 4000 4000 4000 4000 4000 4000 400586 6974 988484594 98894749 9947858598 9948748 995858589
100 2000 000 3000 4000 4000 4000 4000 4000 4000 4000 4000 4000 4000 44 98894749 9947858598 9948748 995858589
4949448494949484494949494 4949448494949484494949494 4949448494949484494949494 4949448494949484494949494 4949448494949484494949494 4949448494949484494949494 4949448494949484494949494
100 2000 000 3000 4000 4000 4000 4000 4000 4000 4000 4000 4000 4000 4000 4000 4000 4000 4000 4000 4000 4000 4000 4000 400586 6974 988484594 98894749 9947858598 9948748 995858589
100 2000 000 3000 4000 4000 4000 4000 4000 4000 4000 4000 4000 4000948748 995858589
100 2000 000 3000 4000 4000 0 4000 4000 4000 4000 4000 4000 4000 4000 4000 4000 4000 4000 400586 6974 988484594 98894749 9947858598 9948748 995858589
100 2000 000 3000 4000 4000 4000 4000 4000 4000 4000 4000 4000 4000 4000 4000 4000 4000 4000 4000 4000 4000 4000 4000 400586 6974 988484594 98894749 9947858598 9948748 995858589
100 2000 000 3000 4000 4000 4000 4000 4000 4000 4000 4000 4000 4000 44 98894749 9947858598 9948748 995858589
100 2000 000 3000 4000 4000 4000 4000 4000 4000 4000 4000 4000 4000 4000 4000 4000 4000 4000 4000 4000 4000 4000 4000 400586 6974 988484594 98894749 9947858598 9948748 995858589
100 2000 000 3000 4000 4000 4000 4000 4000 4000 4000 4000 4000 4000948748 995858589
100 2000 000 3000 4000 4000 0 4000 4000 4000 4000 4000 4000 4000 4000 4000 4000 4000 4000 400586 6974 988484594 98894749 9947858598 9948748 995858589
100 2000 000 3000 4000 4000 4000 4000 4000 4000 4000 4000 4000 4000 4000 4000 4000 4000 4000 4000 4000 4000 4000 4000 400586 6974 988484594 98894749 9947858598 9948748 995858589
100 2000 000 3000 4000 4000 4000 4000 4000 4000 4000 4000 4000 4000 44 98894749 9947858598 9948748 995858589
100 2000 000 3000 4000 4000 4000 4000 4000 4000 4000 4000 4000 4000 4000 4000 4000 4000 4000 4000 4000 4000 4000 4000 400586 6974 988484594 98894749 9947858598 9948748 995858589
100 2000 000 3000 4000 4000 4000 4000 4000 4000 4000 4000 4000 4000948748 995858589
100 2000 000 3000 4000 4000 0 4000 4000 4000 4000 4000 4000 4000 4000 4000 4000 4000 4000 400586 6974 988484594 98894749 9947858598 9948748 995858589
100 2000 000 3000 4000 4000 4000 4000 4000 4000 4000 4000 4000 4000 4000 4000 4000 4000 4000 4000 4000 4000 4000 4000 400586 6974 988484594 98894749 9947858598 9948748 995858589
100 2000 000 3000 4000 4000 4000 4000 4000 4000 4000 4000 4000 4000 44 98894749 9947858598 9948748 995858589
100 2000 000 3000 4000 4000 4000 4000 4000 4000 4000 4000 4000 4000 4000 4000 4000 4000 4000 4000 4000 4000 4000 4000 400586 6974 988484594 98894749 9947858598 9948748 995858589
100 2000 000 3000 4000 4000 4000 4000 4000 4000 4000 4000 4000 4000948748 995858589
100 2000 000 3000 4000 4000 0 4000 4000 4000 4000 4000 4000 4000 4000 4000 4000 4000 4000 400586 6974 988484594 98894749 9947858598 9948748 995858589
100 2000 000 3000 4000 4000 4000 4000 4000 4000 4000 4000 4000 4000 4000 4000 4000 4000 4000 4000 4000 4000 4000 4000 400586 6974 988484594 98894749 9947858598 9948748 995858589
100 2000 000 3000 4000 4000 4000 4000 4000 4000 4000 4000 4000 4000 44 98894749 9947858598 9948748 995858589
100 2000 000 3000 4000 4000 4000 4000 4000 4000 4000 4000 4000 4000 4000 4000 4000 4000 4000 4000 4000 4000 4000 4000 400586 6974 988484594 98894749 9947858598 9948748 995858589
100 2000 000 3000 4000 4000 4000 4000 4000 4000 4000 4000 4000 4000948748 995858589
100 2000 000 3000 4000 4000 0 4000 4000 4000 4000 4000 4000 4000 4000 4000 4000 4000 4000 400586 6974 988484594 98894749 9947858598 9948748 995858589
100 2000 000 3000 4000 4000 4000 4000 4000 4000 4000 4000 4000 4000 4000 4000 4000 4000 4000 4000 4000 4000 4000 4000 400586 6974 988484594 98894749 9947858598 9948748 995858589
100 2000 000 3000 4000 4000 4000 4000 4000 4000 4000 4000 4000 4000 44 98894749 9947858598 9948748 995858589
100 2000 000 3000 4000 4000 4000 4000 4000 4000 4000 4000 4000 4000 4000 4000 4000 4000 4000 4000 4000 4000 4000 4000 400586 6974 988484594 98894749 9947858598 9948748 995858589
100 2000 000 3000 4000 4000 4000 4000 4000 4000 4000 4000 4000 4000948748 995858589
100 2000 000 3000 4000 4000 0 4000 4000 4000 4000 4000 4000 4000 4000 4000 4000 4000 4000 400586 6974 988484594 98894749 9947858598 9948748 995858589
100 2000 000 3000 4000 4000 4000 4000 4000 4000 4000 4000 4000 4000 4000 4000 4000 4000 4000 4000 4000 4000 4000 4000 400586 6974 988484594 98894749 9947858598 9948748 995858589
100 2000 000 3000 4000 4000 4000 4000 4000 4000 4000 4000 4000 4000 44 98894749 9947858598 9948748 995858589
100 2000 000 3000 4000 4000 4000 4000 4000 4000 4000 4000 4000 4000 4000 4000 4000 4000 4000 4000 4000 4000 4000 4000 400586 6974 988484594 98894749 9947858598 9948748 995858589
100 2000 000 3000 4000 4000 4000 4000 4000 4000 4000 4000 4000 4000948748 995858589
100 2000 000 3000 4000 4000 0 4000 4000 4000 4000 4000 4000 4000 4000 4000 4000 4000 4000 400586 6974 988484594 98894749 9947858598 9948748 995858589
100 2000 000 3000 4000 4000 4000 4000 4000 4000 4000 4000 4000 4000 4000 4000 4000 4000 4000 4000 4000 4000 4000 4000 400586 6974 988484594 98894749 9947858598 9948748 995858589
100 2000 000 3000 4000 4000 4000 4000 4000 4000 4000 4000 4000 4000 44 98894749 9947858598 9948748 995858589
4949448494949484494949494 4949448494949484494949494 4949448494949484494949494 4949448494949484494949494 4949448494949484494949494 4949448494949484494949494 4949448494949484494949494
100 2000 000 3000 4000 4000 4000 4000 4000 4000 4000 4000 4000 4000 4000 4000 4000 4000 4000 4000 4000 4000 4000 4000 400586 6974 988484594 98894749 9947858598 9948748 995858589
100 2000 000 3000 4000 4000 4000 4000 4000 4000 4000 4000 4000 4000948748 995858589
100 2000 000 3000 4000 4000 0 4000 4000 4000 4000 4000 4000 4000 4000 4000 4000 4000 4000 400586 6974 988484594 98894749 9947858598 9948748 995858589
100 2000 000 3000 4000 4000 4000 4000 4000 4000 4000 4000 4000 4000 4000 4000 4000 4000 4000 4000 4000 4000 4000 4000 400586 6974 988484594 98894749 9947858598 9948748 995858589
100 2000 000 3000 4000 4000 4000 4000 4000 4000 4000 4000 4000 4000 44 98894749 9947858598 9948748 995858589
100 2000 000 3000 4000 4000 4000 4000 4000 4000 4000 4000 4000 4000 4000 4000 4000 4000 4000 4000 4000 4000 4000 4000 400586 6974 988484594 98894749 9947858598 9948748 995858589
100 2000 000 3000 4000 4000 4000 4000 4000 4000 4000 4000 4000 4000948748 995858589
100 2000 000 3000 4000 4000 0 4000 4000 4000 4000 4000 4000 4000 4000 4000 4000 4000 4000 400586 6974 988484594 98894749 9947858598 9948748 995858589
100 2000 000 3000 4000 4000 4000 4000 4000 4000 4000 4000 4000 4000 4000 4000 4000 4000 4000 4000 4000 4000 4000 4000 400586 6974 988484594 98894749 9947858598 9948748 995858589
100 2000 000 3000 4000 4000 4000 4000 4000 4000 4000 4000 4000 4000 44 98894749 9947858598 9948748 995858589
100 2000 000 3000 4000 4000 4000 4000 4000 4000 4000 4000 4000 4000 4000 4000 4000 4000 4000 4000 4000 4000 4000 4000 400586 6974 988484594 98894749 9947858598 9948748 995858589
100 2000 000 3000 4000 4000 4000 4000 4000 4000 4000 4000 4000 4000948748 995858589
100 2000 000 3000 4000 4000 0 4000 4000 4000 4000 4000 4000 4000 4000 4000 4000 4000 4000 400586 6974 988484594 98894749 9947858598 9948748 995858589
100 2000 000 3000 4000 4000 4000 4000 4000 4000 4000 4000 4000 4000 4000 4000 4000 4000 4000 4000 4000 4000 4000 4000 400586 6974 988484594 98894749 9947858598 9948748 995858589
100 2000 000 3000 4000 4000 4000 4000 4000 4000 4000 4000 4000 4000 44 98894749 9947858598 9948748 995858589
100 2000 000 3000 4000 4000 4000 4000 4000 4000 4000 4000 4000 4000 4000 4000 4000 4000 4000 4000 4000 4000 4000 4000 400586 6974 988484594 98894749 9947858598 9948748 995858589
100 2000 000 3000 4000 4000 4000 4000 4000 4000 4000 4000 4000 4000948748 995858589
100 2000 000 3000 4000 4000 0 4000 4000 4000 4000 4000 4000 4000 4000 4000 4000 4000 4000 400586 6974 988484594 98894749 9947858598 9948748 995858589
100 2000 000 3000 4000 4000 4000 4000 4000 4000 4000 4000 4000 4000 4000 4000 4000 4000 4000 4000 4000 4000 4000 4000 400586 6974 988484594 98894749 9947858598 9948748 995858589
100 2000 000 3000 4000 4000 4000 4000 4000 4000 4000 4000 4000 4000 44 98894749 9947858598 9948748 995858589
100 2000 000 3000 4000 4000 4000 4000 4000 4000 4000 4000 4000 4000 4000 4000 4000 4000 4000 4000 4000 4000 4000 4000 400586 6974 988484594 98894749 9947858598 9948748 995858589
100 2000 000 3000 4000 4000 4000 4000 4000 4000 4000 4000 4000 4000948748 995858589
100 2000 000 3000 4000 4000 0 4000 4000 4000 4000 4000 4000 4000 4000 4000 4000 4000 4000 400586 6974 988484594 98894749 9947858598 9948748 995858589
100 2000 000 3000 4000 4000 4000 4000 4000 4000 4000 4000 4000 4000 4000 4000 4000 4000 4000 4000 4000 4000 4000 4000 400586 6974 988484594 98894749 9947858598 9948748 995858589
100 2000 000 3000 4000 4000 4000 4000 4000 4000 4000 4000 4000 4000 44 98894749 9947858598 9948748 995858589
100 2000 000 3000 4000 4000 4000 4000 4000 4000 4000 4000 4000 4000 4000 4000 4000 4000 4000 4000 4000 4000 4000 4000 400586 6974 988484594 98894749 9947858598 9948748 995858589
100 2000 000 3000 4000 4000 4000 4000 4000 4000 4000 4000 4000 4000948748 995858589
100 2000 000 3000 4000 4000 0 4000 4000 4000 4000 4000 4000 4000 4000 4000 4000 4000 4000 400586 6974 988484594 98894749 9947858598 9948748 995858589
100 2000 000 3000 4000 4000 4000 4000 4000 4000 4000 4000 4000 4000 4000 4000 4000 4000 4000 4000 4000 4000 4000 4000 400586 6974 988484594 98894749 9947858598 9948748 995858589
100 2000 000 3000 4000 4000 4000 4000 4000 4000 4000 4000 4000 4000 44 98894749 9947858598 9948748 995858589
100 2000 000 3000 4000 4000 4000 4000 4000 4000 4000 4000 4000 4000 4000 4000 4000 4000 4000 4000 4000 4000 4000 4000 400586 6974 988484594 98894749 9947858598 9948748 995858589
100 2000 000 3000 4000 4000 4000 4000 4000 4000 4000 4000 4000 4000948748 995858589
100 2000 000 3000 4000 4000 0 4000 4000 4000 4000 4000 4000 4000 4000 4000 4000 4000 4000 400586 6974 988484594 98894749 9947858598 9948748 995858589
100 2000 000 3000 4000 4000 4000 4000 4000 4000 4000 4000 4000 4000 4000 4000 4000 4000 4000 4000 4000 4000 4000 4000 400586 6974 988484594 98894749 9947858598 9948748 995858589
100 2000 000 3000 4000 4000 4000 4000 4000 4000 4000 4000 4000 4000 44 98894749 9947858598 9948748 995858589
4949448494949484494949494 4949448494949484494949494 4949448494949484494949494 4949448494949484494949494 4949448494949484494949494 4949448494949484494949494 4949448494949484494949494